0 17.00158164248569 50.2853371296078 88.65535202645697 169.3307850845158 268.7168737053871 408.6061089038849 613.4647462368011 17.106745 6.4967713 9.540412 0.00012559333854591102 6.496771337509156 17.10674476623535 9.54041176478068 0.2949 
1 30.971874183334876 93.06789307622239 163.26495077623986 319.0239406460896 516.6948049366474 806.4141126871109 1234.7052224874496 11.169963836669922 4.106603674218059 5.944042615890503 0.0002302842469056617 4.104061164662242 11.169963836669922 5.944042615890503 0.3657 
2 48.7528733030631 143.2902487810934 251.22092761518434 488.75073441211134 784.2157296836376 1217.3499532341957 1848.484978556633 11.169963836669922 3.239518987794717 4.775798558129205 0.00033736950095564726 3.2360832261840504 11.169963836669922 4.775798558129205 0.4175 
2 64.34508920526423 190.41937428025994 333.42146996269 642.5997811416164 1030.8245615065098 1610.4903478622437 2456.3444843292236 11.169963836669922 2.6574337344020607 3.9111907649040223 0.00042601764554980756 2.6548569131940605 11.169963836669922 3.909790663719177 0.4472 
2 80.70762436774385 237.98816447739955 416.3764395560138 806.5705757820979 1292.0653613507748 2020.6292140483856 3088.901734828949 11.169963836669922 2.3216639728039503 3.4679573396046957 0.0005489189855741352 2.3216639728039503 11.169963836669922 3.4679573396046957 0.5126 
3 97.89864706464869 286.81726985413115 501.7739536636509 964.995243803598 1541.5503686070442 2415.682657301426 3705.9786063432693 11.169963836669922 2.060692564882338 3.1190857325659858 0.000642288257547101 2.060692564882338 11.169963836669922 3.1190857325659858 0.4818 
4 114.35932382948522 335.3418985483004 585.7096316781826 1123.8179961061105 1792.6916853189468 2810.9953497052193 4318.283015727997 11.169963836669922 1.8597514818332026 2.884515088853382 0.0007367373721083403 1.8597514818332026 11.169963836669922 2.884515088853382 0.5366 
0 17.00158164248569 50.2853371296078 88.65535202645697 169.3307850845158 268.7168737053871 408.6061089038849 613.4647462368011 17.106745 6.4967713 9.540412 0.00012559333854591102 6.496771337509156 17.10674476623535 9.54041176478068 0.2949 
1 30.971874183334876 93.06789307622239 163.26495077623986 319.0239406460896 516.6948049366474 806.4141126871109 1234.7052224874496 11.169963836669922 4.106603674218059 5.944042615890503 0.0002302842469056617 4.104061164662242 11.169963836669922 5.944042615890503 0.3657 
2 48.7528733030631 143.2902487810934 251.22092761518434 488.75073441211134 784.2157296836376 1217.3499532341957 1848.484978556633 11.169963836669922 3.239518987794717 4.775798558129205 0.00033736950095564726 3.2360832261840504 11.169963836669922 4.775798558129205 0.4175 
2 64.34508920526423 190.41937428025994 333.42146996269 642.5997811416164 1030.8245615065098 1610.4903478622437 2456.3444843292236 11.169963836669922 2.6574337344020607 3.9111907649040223 0.00042601764554980756 2.6548569131940605 11.169963836669922 3.909790663719177 0.4472 
2 80.70762436774385 237.98816447739955 416.3764395560138 806.5705757820979 1292.0653613507748 2020.6292140483856 3088.901734828949 11.169963836669922 2.3216639728039503 3.4679573396046957 0.0005489189855741352 2.3216639728039503 11.169963836669922 3.4679573396046957 0.5126 
3 97.89864706464869 286.81726985413115 501.7739536636509 964.995243803598 1541.5503686070442 2415.682657301426 3705.9786063432693 11.169963836669922 2.060692564882338 3.1190857325659858 0.000642288257547101 2.060692564882338 11.169963836669922 3.1190857325659858 0.4818 
4 114.35932382948522 335.3418985483004 585.7096316781826 1123.8179961061105 1792.6916853189468 2810.9953497052193 4318.283015727997 11.169963836669922 1.8597514818332026 2.884515088853382 0.0007367373721083403 1.8597514818332026 11.169963836669922 2.884515088853382 0.5366 
